ISBN
9780815633488
9780226001395
9780226019390
9780691101347
9780804790512
9780804790512
9780759121843
9781626566330
9781626566330
9780312157067
9780140443332
9781101042632
9780195381504
9781405124416
9781304489197
9780842524667
9781412995740
9781412995740
9781452241845
9781452241845
9780452297753
9781101007174
9780884899846
9781570758591
9780674072459
9781565129764
9780553378009
9780862325954
9780553374407
9781433805608
9781433805608
9781433805615
9780226018164
9781849204712
9781259393815
9781594206276
9780816627936
9780965505338
9780872206632
9781603840736
9780810997028
9781577662440
9780140446364
9780226026756
9780226026756
9780226026756
9780807846377
9781101160497
9785551311812
9780199858934
9780199858941
9780203426081
9780415280204
9781464154676
9781464154676
9781464154676
9781464154676
9781464154676
9781464154676
9780385721677
9781400078981
9780199537822
9780199535521
9780199535538
9780199535538
9780199535545
9780199535552
9780199535576
9780195372939
9780465019205
9780786731985
9780143105275
9780387987385
9780679744726
9780679744726
9780679740766
9780671021481
9780806136912
9780307874443
9780345383044
9781483359458
9781483359458
9781483359458
9780307486141
9781400032662
9780691015286
9781610395014
9780073526539
9780826317247
9781573226561
9781581157536
9781420950199
9781420950199
9781305617612
9781555970963
9780781778176
9781496317001
9780802144393
9780195179804
9780520243699
9780791456828
9780199604371
9780199604371
9780199604371
9780199604371
9780813522289
9780195375916
9780674022218
9781844676668
9780759112421
9780759112438
9780140442304
9780191647918
9780199568987
9780195290004
9780520272958
9780486464299
9780132999236
9780132999236
9780812979329
9780195396331
9780471433323
9780415779432
9781939293794
9780520254985
9780195307719
9780521833783
9781107392076
9780979405709
9780486254869
9780195175370
9781442249745
9781551115085
9781596915992
9781596917279
9780077440299
9780077440299
9780684831428
9780791450963
9780871272058
9780871272058
9780742556416
9781500826314
9781559391870
9781594036088
9781844575220
9781118156599
9781118235706
9781118475744
9780140445329
9780520256880
9780763742911
9780872200203
9781405110495
9781449636159
9781603847605
9780393921632
9780393936889
9780393936896
9780807855256
9780140436242
9780520050785
9780802122070
9780073525204
9780073525204
9780077769147
9780077769147
9780226089973
9781118324578
9780807855348
9780292711112
9780812550702
9780849322563
9780814752999
9780395755143
9780486277851
9780762441020
9780762441020
9781319018719
9781319018719
9781429220835
9781429220835
9781595589750
9781595589767
9780520259317
9781118335888
9780295992235
9781850435648
9781401303358
9780393096996
9781135082444
9780684823454
9780521348355
9780691009032
9780674724921
9780750931786
9780822350170
9781560974277
9781560974277
9780140074482
9780143115281
9780691070896
9781400822829
9781851686117
9781851686117
9780061120565
9780883448434
9781570759796
9780292712362
9780292782549
9780553213294
9780553902143
9780822355694
9781107599345
9781457663543
9781457685835
9780691147963
9780415638562
9781412975179
9781412993654
9780742548244
9780521546188
9780300049381
9781570754586
9780240813974
9781136052668
9780679755258
9780393348750
9780199540655
9780553213393
9780812970067
9780840130099
9780840130099
9780813346243
9780813378602
9781890951795
9780393319569
9781405190558
9780199742134
9780674955219
9781609801045
9781480442801
9780307424990
9780128015377
9780143106098
9781429979597
9780307277787
9781400079322
9780816649211
9781439169964
9780520272088
9781595588982
9781595588982
9781595588982
9780385523912
9780679759614
9781573927536
9780547572581
9780140439267
9780199536269
9780374531386
9780679781806
9780679781806
9780988539907
9780813101262
9780060916824
9781603845601
9780393969665
9785551310273
9780143035428
9780199696000
9780865475090
9781319003128
9781319019198
9781588262264
9780871543721
9780470658086
9781859733172
9781107680746
9781118324585
9781118324585
9781118324585
9781118807057
9781118807057
9781118807057
9780816654475
9780073527642
9780077553234
9780205677801
9780062502896
9780395937587
9780395937587
9780547525525
9780547525525
9780156806541
9780156948708
9780571225163
9780807067932
9780773541719
9783813503708
9780195168860
9780195168860
9781433105937
9780307345424
9780802143006
9780802150271
9780520243262
9780520931473
9781558764491
9781850437604
9780745664804
9780198296850
9781612055541
9780143104933
9780691612317
9780452277489
9780761973836
9780465008506
9780465023974
9780865473362
9781412949743
9781412949743
9781564783936
9781564786999
9780822356004
9780812220988
9780812220988
9780140447668
9780156711425
9780295988221
9780307819284
9780307819291
9780312203412
9780312203603
9780312422660
9780679724698
9780679752554
9780199556298
9780073514017
9780684832418
9780674192263
9781555878061
9780226264189
9780226264189
9780226264219
9780226264219
9781284026337
9781284026337
9780816645930
9781305657960
9781308715766
9781308715766
9780465026098
9780786724109
9780804754958
9780745665009
9780984295197
9780520004597
9781107467194
9781107613546
9780312428594
9781429930819
9780674445444
9780393264463
9780393938968
9780393270518
9780872860179
9780520232310
9780520928169
9781421409924
9780140445039
9780520287266
9781481013888
9780198263876
9781250069269
9780674891999
9781466829596
9780803256866
9780226306902
9781429938013
9781457637612
9780415604390
9781107492639
9781583670910
9781583675045
9780393912487
9780393912500
9780393912517
9780393919660
9780131395381
9780132997898
9780307278128
9780077636043
9780077636043
9780077861025
9780077861025
9780307431264
9780812971606
9781879751385
9780142002407
9780822326434
9780822383116
9781606082355
9781492997481
9780520222359
9780826310033
9780691042893
9781566398688
9780393522181
9780141180649
9780814736944
9781937006853
9780815627630
9781462917167
9780321716026
9780321716026
9780321716026
9780321716026
9780321716026
9780143106043
9781101655948
9780226317731
9780486661445
9780062015891
9780231537049
9780801039294
9781441258816
9780691010182
9781400823833
9780226322728
9780822337881
9781610393591
9781610395106
9783642031489
9780071818483
9780071818520
9781451626650
9780393928082
9780684822761
9780374708887
9781250043542
9780198283164
9781595584540
9780415935388
9780375705090
9780061804106
9780812994865
9780271032702
9780078025662
9780078025662
9781442231566
9780816639199
9780521567978
9781107465886
9780143120339
9780547525730
9781101575512
9780300077506
9780199537839
9780801031137
9781138821620
9780140455083
9780316020749
9780312119089
9780393331998
9780840128966
9780840129017
9781498601641
9781498601641
9781498601641
9781498601641
9781498601641
9781498601641
9781498601641
9781498601641
9781498601641
9781498601641
9781498601641
9781498601641
9781400078776
9780199976133
9780199976140
9780679741954
9780679741954
9780840129888
9780840129895
9780140432978
9780393959048
9780679763307
9785552018321
9780840129925
9780199767465
9780141441573
9781851683666
9781851683666
9780840132239
9780840132239
9780062193216
9780062193216
9780415486194
9781107492615
9780199537310
9780805083354
9781466837614
9780205782765
9780205978540
9780205981120
9780679600114
9780812983012
9780812983012
9780520261570
9780520261570
9780520278448
9780140446739
9780140447040
9780393521948
9780393923209
9780374533557
9781429969352
9780894108570
9780521654081
9781107401068
9781107401068
9781139641883
9780465058921
9780465058938
9780195373585
9780375756696
9787770767210
9780520047747
9780840130006
9781860645686
9780191640490
9780199663835
9781934742020
9780143120285
9780872893375
9780141181226
9780807003091
9780807003152
9781566563369
9789774249396
9780691156231
9780691156231
9780520282551
9780415884891
9780060831356
9781466828834
9781466828834
9781466828834
9780520281714
9780691142050
9781400840380
9781429973304
9780226306896
9780520045118
9780226276182
9780226276182
9780226276212
9781582438085
9780520276116
9781139367288
9781139367288
9780802828897
9780205981809
9780205981809
9780823233076
9780231144117
9780465040643
9780226458144
9780822358336
9780072386882
9780072386882
9780199540006
9780700614097
9780826315564
9780205578566
9780812989267
9780123820242
9780471751564
9781908276209
9780190264673
9780190264673
9780190264673
9780190264673
9780198704492
9781441931368
9780226113012
9780470407660
9780814752425
9781412924672
9780881338430
9781478624967
9780679721864
9780393353150
9780940322509
9780520280571
9781464117107
9781565843592
9780840129871
9780840129901
9780840129901
9780811219495
9780262018746
9780300100181
9780879755980
9780915144860
9780915144860
9780915144860
9780915144860
9781107391215
9781107391215
9781107391215
9781603844574
9781603844574
9781603844574
9781603844574
9781429234139
9780061251320
9780199862160
9781941963036
9781452241494
9781483301310
9780415601870
9780814751817
9780307390288
9780307591142
9780307591159
9787770660832
9780312272661
9781466849570
9780226500447
9780268035044
9780595311163
9781466880665
9781466880665
9780871544735
9781586486280
9781586486716
9780345350688
9780674050525
9780520212701
9780141181738
9780465071982
9780465074730
9781101174098
9780262632553
9781478604730
9781478625100
9780970834614
9781609182120
9781609182151
9780393522174
9780393927450
9780393975079
9781564782113
9780813388304
9781604880038
9781904271611
9781595580221
9781595586667
9782081314795
9781935308393
9780520204355
9781612181714
9780674028142
9780330474931
9780679760849
9780123820259
9780307271914
9780307279187
9780872208711
9781603841658
9780307389244
9780307594471
9780521183284
9781139332675
9780192854391
9780393321838
9780374516901
9780374708566
9780060934958
9781405120517
9780375703409
9780375703409
9781285074818
9781285074818
9781285074818
9780631234906
9781933045252
9780520250024
9780520940383
9780226172217
9780226525464
9780631233527
9780631233527
9780915144433
9781551111995
9781603846172
9780142437339
9780500204146
9780816670833
9784789013079
9784789013079
9784789013086
9784789013086
9780691008240
9780520280946
9780156605175
9781853816796
9781853816796
9780915306657
9780470844878
9780307803580
9780440314882
9780827205383
9780840129406
9780840129406
9781107655010
9780307278449
9780307386588
9780307740922
9780140056679
9781570272677
9780199768431
9780822344438
9780822392200
9780578076928
9781450757911
9780822354451
9780822378846
9780394755267
9781879505629
9780470343890
9780857029744
9780374534271
9781466836730
9780813528144
9780393329681
9780393329681
9780199778218
9780375703799
9787770558405
9780143039174
9781594484032
9780131367340
9780131367340
9780915144945
9780801476327
9781570751929
9780205851638
9781317248347
9780156364652
9780374508043
9780547543703
9781466829046
9780872860353
9780872860353
9780500204061
9780520229594
9780452262935
9780821419830
9780435909598
9780156001922
9780521667999
9780307386465
9780375706851
9781560976912
9780486402581
9780897331531
9780520271487
9780520271487
9781412972123
9781483301457
9780465053711
9780465053728
9780520251762
9780822331179
9780840058010
9781133171744
9781569766972
9780495801412
9781111355388
9781133498230
9780812970715
9780691130545
9780195339277
9780915138838
9781101077764
9781594481888
9780805082500
9780691006451
9780486280530
9780812221374
9780133354850
9780133354942
9780812969641
9780060913076
9780822350804
9780393340624
9780881339062
9781478625681
9780684824772
9781453287972
9781934200483
9780240521855
9780240521985
9780547132808
9780750706070
9780520253933
9780806114293
9780806114293
9781466872622
9780814776384
9780814776384
9781557788986
9781849548977
9780205320103
9788435018418
9780804786942
9780073511375
9780077477394
9780807046234
9781558852013
9780691121918
9781400827503
9780674576421
9781590302910
9780199252657
9780471120629
9780813528748
9781628926323
9781932066098
9780470405444
9780312694401
9780801490712
9780915145959
9781603848619
9781603848619
9780674066243
9780226203935
9780226204093
9781555970734
9781555976798
9780812972894
9780812972894
9780199552313
9780500284872
9781560974703
9781843839057
9780191561467
9781566567145
9781590173022
9780300108316
9781609303051
9781429952682
9780078117183
9781259154652
9780840128973
9780840128973
9780840128997
9780375714573
9780375714573
9780375714573
9780375714573
9780822332725
9780822385752
9780691004006
9780691004006
9780691004006
9780691004006
9781400822171
9781400822171
9781400822171
9781400822171
9780393319002
9780520075375
9781861892515
9780816641932
9780307814517
9780394744780
9780691168531
9780814797754
9780300056693
9780140436761
9781101576083
9780307874290
9780307874290
9780307874290
9780307874290
9780385720274
9780385720274
9780385720274
9780385720274
9780967958767
9780803953017
9780803953017
9780140714623
9780140714630
9780140714630
9780140714784
9780199535828
9780199536818
9780451526908
9780451527158
9780743484879
9780743484909
9780743484916
9780743485043
9780743485050
9781101221594
9781420926194
9785551320005
9781556520747
9781416972198
9787770665158
9780451532244
9780231135245
9780231139908
9780231509466
9780393346862
9781441923110
9780822355366
9780393288520
9781464145179
9780143104919
9781440621826
9780226038223
9780226762760
9780674030688
9780133399998
9780865970120
9780865970120
9780865970120
9780865970120
9781848139503
9780140286014
9780226311555
9780226311562
9780691118505
9781400829552
9780345803511
9780195142433
9780679725800
9780078025839
9780078096488
9780394747231
9780631206545
9780878309832
9780742564374
9780191639654
9780199662661
9781581156508
9781626549951
9780199536221
9781285741550
9781412994057
9781452244631
9780674750968
9780822316909
9780812987041
9781568811963
9781118533659
9780199536849
9780486287591
9780520252837
9780520941175
9780077861810
9780078123467
9780307787422
9780394703879
9780415052986
9781572245228
9781572246850
9780140440737
9781137293374
9780753811054
9781305482463
9780231105170
9780521627245
9781416538981
9781439166253
9780190255053
9780190255060
9781118172148
9780292781535
9780226264363
9780253205032
9780061874628
9780140430400
9781250044631
9781250044648
9780307772985
9780679733768
9788408094784
9780271048802
9781305143043
9780763771539
9780763798741
9781285197425
9781594632747
9780865974517
9781119951674
9781119951674
9781844673469
9781932907360
9780143039426
9780486266893
9781101549742
9781101647561
9781573229074
9780316074223
9781510703353
9780316216319
9780804710138
9780205921676
9780393927948
9780415854290
9780679764892
9780679764892
9780451474308
9780470655689
9780226895079
9780312648831
9780521183444
9781107614307
9780520285927
9780547542188
9780060757502
9780809005420
9780143105763
9780226901268
9780226924656
9780739109519
9780820467597
9780822343080
9780822388692
9781469618432
9780140390650
9781411433434
9780203190913
9780415254083
9780520251816
9780631169406
9781405159289
9780804719803
9780822630265
9781554810222
9780691168623
9781892989192
9780195146905
9781305446380
9781305446380
9780156118705
9780156457422
9780156628709
9780156701600
9780156787338
9780156901772
9780156907392
9780156907392
9780156949606
9780156997010
9780393090710
9781906598860
9780393270457
9781595586650
9780312384487
9781429969369
9780375708442
9780892552900
9780374535568
9780374713850
9780199982875
9780840130129
9780470026793
9780691155869
